0.0 6.321631279999999 0.0 0.0 
0.0 0.0 4.550000000000001 0.0 
-3.5 -3.5 0.0 6.618006391446989 
7.734599870459283 -0.2131359755534337 -3.3537593067891507 2.0917906701314166 
6.4486622616877725 0.0 0.0 -1.5889999999999995 
0.0 0.0 8.311382356517143 -3.5 
-2.03 0.0 -3.5 -3.5 
-2.1082589696 0.20022190007269192 -1.4566999999999999 11.070327694994015 
0.0 2.4963900000000003 0.0 0.0 
0.0 0.0 0.0 0.0 
0.0 0.0 0.0 0.0 
8.916610221607453 -0.3985301500221534 0.30786541416026325 0.0 
4.550000000000001 9.938951387434848 0.0 0.0 
-1.5 0.0 4.970048824173086 0.0 
0.0 0.0 0.0 0.0 
1.4092697522567734 0.13167281287242236 1.5195504071617107 0.0 
0.0 0.0 0.0 0.0 
0.0 0.0 0.0 0.0 
0.0 0.0 0.0 3.5 
10.78828870113875 0.0 -2.03 0.0 
-0.5 0.0 0.5 0.0 
0.0 0.0 0.0 0.0 
0.0 0.0 0.0 0.0 
0.0 0.0 0.0 9.857881560349563 
0.0 -0.46820000000000006 0.0 3.7112746490504174 
0.0 0.0 0.0 0.0 
0.0 0.0 0.0 0.0 
6.08400977410919 0.9277390763699122 0.0 0.0 
0.0 0.0 0.0 0.0 
0.0 0.0 0.0 0.0 
0.0 0.0 0.0 0.0 
0.0 0.0 0.0 0.0 
0.0 3.2849999999999997 0.0 0.0 
0.0 0.0 0.0 0.0 
0.0 0.0 6.399630611990206 1.355 
0.0 9.719370647204103 0.05063918902697813 0.4378849873799611 
0.0 2.836617644808481 -0.5331695999999999 -1.7696999999999998 
0.0 0.0 0.0 -1.5 
0.0 7.037417009376517 -0.5 -0.47000000000000003 
0.0 -3.5 -1.2962412136279169 9.913203339786627 
0.0 0.0 0.0 0.0 
0.0 0.0 0.0 0.0 
0.0 0.0 0.0 0.0 
0.0 0.0 0.0 0.0 
0.0 0.0 0.0 0.0 
0.0 0.0 0.0 0.0 
0.0 0.0 0.0 0.0 
0.0 0.0 0.0 0.0 
0.0 -0.47000000000000003 0.0 4.376886365179235 
0.0 0.0 0.0 0.0 
0.0 -0.12936465693573468 0.0 2.8564704672458703 
0.0 0.0 0.0 0.0 
0.0 0.0 0.0 0.0 
0.0 0.0 0.0 0.0 
0.0 5.550554602095307 0.0 -0.8775548028672001 
0.0 -0.1889999999999997 0.0 7.228658432916971 
0.5 0.0 0.0 0.0 
0.0 0.0 0.0 0.0 
0.0 0.0 0.0 0.0 
0.0 0.0 0.0 0.0 
0.0 0.0 0.0 0.0 
0.0 0.0 0.0 0.0 
0.0 0.0 0.0 0.0 
0.0 0.0 0.0 0.0 
0.5 0.0 0.0 0.0 
0.0 0.0 0.0 0.0 
0.0 0.0 0.0 0.0 
10.67287338003489 0.0 0.0 0.0 
-0.5 0.0 0.0 3.863372735934223 
0.0 0.0 0.0 0.0 
0.0 0.0 0.0 0.0 
-0.13536196552993338 0.0 0.0 0.5 
0.0 0.0 0.0 0.0 
0.0 0.0 0.0 0.0 
0.0 0.0 0.0 0.0 
0.0 0.0 0.0 0.0 
0.0 0.5 -1.5889999999999995 0.0 
0.0 -0.35040218392214817 0.0 0.0 
0.0 2.565797216 0.0 0.0 
0.0 0.0 0.0 0.0 
0.0 0.0 0.0 0.0 
0.0 0.0 0.0 0.0 
0.0 0.0 0.0 0.0 
0.0 0.0 4.779111774417212 0.0 
0.0 0.0 0.5 0.0 
0.0 0.0 0.0 0.0 
0.0 0.0 0.0 0.0 
0.0 0.0 -0.6338879723724797 8.300775067959858 
0.0 0.0 0.0 0.0 
0.0 0.0 0.0 0.0 
0.0 0.0 0.0 0.0 
0.0 0.0 0.0 0.0 
0.0 0.0 0.0 0.0 
0.0 0.0 0.0 0.0 
0.0 0.0 0.0 0.0 
0.0 0.0 0.0 0.0 
0.0 0.0 0.0 0.0 
0.0 0.0 0.0 0.0 
0.0 0.0 0.0 0.0 
0.0 0.0 0.0 0.0 
0.0 0.0 0.0 0.0 
0.0 0.0 0.0 0.0 
0.0 0.0 0.0 0.0 
0.0 0.0 0.0 0.0 
0.0 0.0 0.0 0.0 
0.0 0.0 0.0 0.0 
0.0 0.0 0.0 0.0 
0.0 0.0 0.0 0.0 
0.0 0.0 0.0 0.0 
0.0 0.0 0.0 0.0 
0.0 0.0 0.0 0.0 
0.0 0.0 0.0 0.0 
0.0 0.0 0.0 0.0 
0.0 0.0 0.0 0.0 
0.0 0.0 0.0 0.0 
0.0 0.0 0.0 0.0 
0.0 0.0 0.0 0.0 
0.0 0.0 0.0 0.0 
0.0 0.0 0.0 0.0 
0.0 0.0 0.0 0.0 
